35.04289379 135.75676882
35.05044293 135.75418841
35.05607840 135.75694920
35.06947142 135.74563875
35.05895311 135.74662221
35.04890424 135.74709729
35.03988584 135.74555299
35.04521020 135.75230527
35.03770811 135.73649831
35.05353703 135.75035812
35.03004771 135.73277374
35.03588310 135.72832965
35.02442317 135.72846031
35.05447560 135.73078768
35.08930431 135.68784331
35.12142331 135.70225320
35.14183 135.6836
35.11292450 135.71991870
35.11092948 135.67386038
35.04039687 135.75451897
35.03972750 135.75524669
35.05474801 135.75197741
35.07082403 135.73966716
35.04657941 135.73993963
35.03615800 135.72584655
35.04309650 135.74197556
35.02298159 135.72566892
35.02342881 135.72770761
35.04246 135.7585
35.06951 135.7568
35.04316586 135.73730377
35.03265001 135.72416063
35.04004676 135.73730378
35.04382414 135.73875641
35.03891363 135.76452379
35.09459021 135.70050090
35.041832 135.714749
35.045638 135.751386
35.089340 135.687759
35.044607 135.715594
35.044356 135.716802
35.039946 135.739809
35.03326711 135.75817419
35.03020910 135.74844722
35.02772325 135.76770382
35.02547906 135.75647706
35.01907121 135.74526989
35.03376422 135.74269495
35.03193652 135.73795377
35.0247289 135.7368373
35.02464570 135.74549479
35.01824367 135.76848707
35.02444857 135.75101370
35.01684925 135.75013889
35.03236695 135.74969682
35.03444752 135.76012405
35.02579015 135.75743808
35.03082842 135.74371711
35.01535208 135.74475335
35.02019072 135.76750101
35.03534748 135.75065256
35.02917311 135.75393841
35.01989351 135.75485499
35.01813537 135.78233575
35.01884660 135.79299041
35.02546237 135.77484199
35.03203964 135.79267921
35.03268938 135.77854447
35.03771661 135.78373291
35.03741656 135.76844567
35.04548776 135.77306781
35.05298995 135.79424847
35.06129458 135.79527036
35.0450408 135.7886603
35.05299539 135.78201641
35.0754599 135.7864866
35.06704385 135.78445720
35.08543084 135.78804844
35.084988 135.8173011
35.12115479 135.82855789
35.16316959 135.81177594
35.08986909 135.76459239
35.10928379 135.79678068
35.10581992 135.76472287
35.24967642 135.76613088
35.01246919 135.77506156
35.17096872 135.78265642
35.21527512 135.77769895
35.20887862 135.77446306
35.01624675 135.78962684
35.03992190 135.78308581
35.03835256 135.77507285
35.02173501 135.77983315
35.04219670 135.78859637
35.07081014 135.78774013
35.12115479 135.82855789
35.02499296 135.77268390
35.06681333 135.78614040
35.01937996 135.79649568
35.01324430 135.79426266
35.04599881 135.77145406
35.07049346 135.77318892
35.05004017 135.78293304
35.0731376 135.7709780
35.05042058 135.77247318
35.02057960 135.78451881
35.2640559 135.8231143
35.01070829 135.78747714
35.01700769 135.78081092
35.01811866 135.77341162
35.086111 135.759973
35.170391 135.782709
35.1139201 135.7727888
35.14762956 135.84187641
35.11098463 135.81943630
35.02213373 135.78978759
35.01595222 135.76446527
35.00681685 135.76184911
35.0059912 135.7475116
35.0076266 135.7435836
35.01801282 135.73649576
34.99824231 135.74000139
35.0140604 135.7338766
35.0164963 135.7384789
35.00300575 135.73562945
35.01664614 135.72876594
35.01004980 135.74842533
35.00682520 135.76513768
35.02159294 135.73110177
35.00700822 135.73710702
35.01171091 135.76428761
35.01289672 135.74383960
34.99985617 135.74782013
35.01267999 135.73820958
35.01140222 135.73081584
35.01463843 135.77015366
35.0119283 135.7527582
35.00533356 135.75273061
35.01449104 135.74470059
35.00757201 135.73346012
35.01790435 135.72790489
35.0164850 135.7265967
35.0155273 135.7612184
35.00543361 135.75834395
35.01173867 135.75902145
35.0094741 135.7614613
35.0155273 135.7612184
35.01781037 135.75587993
35.01899610 135.73842611
35.00694740 135.76132972
35.01564944 135.77081191
35.0058977 135.7540374
35.00379461 135.73802922
35.010154 135.733982
35.009285 135.742192
35.005985 135.770272
34.98462735 135.77768419
34.9987311 135.7740785
34.97789182 135.77185165
34.991177 135.7680758
35.00789458 135.77390623
34.99634282 135.77417317
34.98393285 135.77079610
34.97963903 135.77825087
34.98404398 135.77205429
35.0068558 135.7807445
34.99009621 135.77701747
34.97882517 135.77593727
35.00680356 135.77987597
34.9886047 135.7798422
34.99201268 135.77563979
34.99069342 135.78199468
34.99702887 135.77633958
34.99342088 135.77723402
34.99972307 135.77443139
35.00456153 135.78036681
34.9767345 135.7742716
34.99040450 135.77556207
35.00988889 135.78594117
35.0032 135.77691
35.00318 135.77636
34.990581 135.772377
34.997476 135.779675
35.0092241 135.783657
35.0078441 135.7744695
34.98379514 135.81318279
34.98227836 135.80320059
34.9774939 135.8073671
34.99621324 135.81826042
34.9905767 135.8063185
34.99274901 135.80296760
34.98582572 135.82500953
34.98282045 135.82082095
34.98303443 135.82991463
34.96994958 135.80836378
34.96371694 135.81188011
34.9767456 135.7960682
34.9742901 135.8236303
34.97665715 135.81022453
34.96611670 135.81267167
34.96717227 135.82154299
34.98579764 135.81264958
34.98288443 135.82842309
34.98848574 135.80273972
34.99708256 135.81746884
34.96853602 135.82612872
34.99111628 135.80922231
34.97894044 135.83187552
34.99594133 135.82862333
34.99015559 135.81772699
34.97642112 135.81404365
34.97696550 135.81366034
34.97646561 135.81742947
35.00038686 135.79436015
34.9834139 135.8153726
34.98576158 135.81426054
35.00162838 135.76155765
34.98965160 135.76230522
34.99844245 135.75310023
34.99344559 135.74984235
34.98799320 135.74592892
34.99673692 135.74381500
34.98719038 135.73495752
34.98695425 135.72762197
34.99285379 135.73405474
34.98755997 135.75232564
35.00072282 135.75331403
34.98648252 135.76708258
34.99703156 135.76463526
34.99527052 135.75726385
34.99998959 135.75731645
34.99063178 135.73717675
35.00194490 135.74873942
34.98626837 135.74965922
34.99792017 135.74452880
34.9901847 135.7483592
35.0009535 135.7658489
34.99815918 135.75702210
35.0022281 135.7680303
34.98657416 135.76628266
34.9932408 135.7651403
35.00325322 135.75769130
34.992347 135.762875
34.991961 135.7543843
34.9810716 135.7545368
34.97596924 135.74870108
34.98014105 135.74442357
34.97957714 135.73780457
34.9748414 135.7324549
34.96763644 135.73723502
34.97754390 135.72802191
34.96428685 135.74360122
34.9602355 135.7185164
34.9630584 135.7143746
34.98286 135.7620
34.97856923 135.76279723
34.97835802 135.75912267
34.97906350 135.75751719
34.98268245 135.73868783
34.98100493 135.75007874
34.9745081 135.7387461
34.95669276 135.71903321
34.983835 135.746869
34.96691 135.733484
34.978199 135.744725
35.02166450 135.67604713
35.02248677 135.68747428
35.01344068 135.68668030
35.04543 135.6253
35.0122369 135.7070664
35.00948551 135.70343758
35.02191749 135.70277623
35.01426847 135.72042783
35.01219357 135.69602417
35.02700600 135.71615857
35.03142759 135.70840353
35.0190069 135.7220499
35.0056193 135.7293327
35.00564427 135.72183060
35.04538654 135.68195138
35.00143906 135.69988525
35.00619416 135.70026290
34.98748472 135.71932818
34.98620149 135.71609233
34.9982616 135.7180699
35.15565450 135.63528857
35.18046892 135.66195087
35.20311849 135.63888332
35.13966 135.5925
35.12433916 135.6429332
35.08300225 135.61077375
35.01630422 135.69868775
35.01188527 135.70372918
35.02271172 135.68404389
35.00315562 135.72471927
34.99065391 135.72288898
35.00621916 135.69755755
34.9997921 135.7292495
35.04588092 135.68117925
35.02290086 135.71550589
35.15750431 135.63548592
35.01954832 135.70370956
35.02590847 135.68106056
35.19660537 135.63196182
35.02199552 135.72278309
35.00437214 135.71915028
35.01052 135.7185
34.9973117 135.7190281
35.01281298 135.68797469
35.02813068 135.70410936
35.03229981 135.71334761
34.99577567 135.71833100
35.13895102 135.59147726
34.99501462 135.71552291
35.03209680 135.69637072
35.20420634 135.71961977
35.20420634 135.71961977
35.12380545 135.64176221
35.18154829 135.60033579
35.19705263 135.63936950
35.14601680 135.57867588
35.20666189 135.60443324
35.02782759 135.67754677
35.0288058 135.7152022
35.0231648 135.7200389
35.18244648 135.66221469
34.97563292 135.70360718
34.97581900 135.71500344
34.9724729 135.6972724
34.99258154 135.68941407
35.00746080 135.68641668
34.98181851 135.68922243
34.98277678 135.70040198
34.98903180 135.70592374
34.99513685 135.69976591
34.97754664 135.70775129
34.97369411 135.67240141
34.98619282 135.66382399
34.96862514 135.66971813
34.9628257 135.6709290
34.95748455 135.67620627
34.95264887 135.68472216
34.95364025 135.66679862
34.98823744 135.69404146
34.99680341 135.69097776
34.97606342 135.71466459
34.97664395 135.69065557
34.98842599 135.66453219
34.96358401 135.67127344
34.95898721 135.68286135
34.95259050 135.67770606
34.97256651 135.70540697
34.96255901 135.66720985
34.9816041 135.6533496
34.96991119 135.67982576
34.97117218 135.67948415
34.98895074 135.65442969
34.99612010 135.69782440
34.98501548 135.69414700
35.01023829 135.67697549
34.9388251 135.7615554
34.92851602 135.76267610
34.94378665 135.76254063
34.9560833 135.7720152
34.96932331 135.77157667
34.94883643 135.77088720
34.94191216 135.77605573
34.96426266 135.76915463
34.95529103 135.75721128
34.93287685 135.77520546
34.93546312 135.78691291
34.92620847 135.78810434
34.93937794 135.74399738
34.92812975 135.73433144
34.9097727 135.7194820
34.92652744 135.77079746
34.92033383 135.77997995
34.92343885 135.76548132
34.91892548 135.7691698
34.95001278 135.81776850
34.94568212 135.79924531
34.94562961 135.80795002
34.94487146 135.81266069
34.93959411 135.81205244
34.93826654 135.81624929
34.94072982 135.80103677
34.95319016 135.81203016
34.95708721 135.82211523
34.93892738 135.73261742
34.93370059 135.72938994
34.93326752 135.72240724
34.90369909 135.72166984
34.89675523 135.71308267
34.93900105 135.76665653
34.95712748 135.77519263
34.95586899 135.76515214
34.94228971 135.76910090
34.93784272 135.76046552
34.93245932 135.72207116
34.94366884 135.81532156
34.93897764 135.81846575
34.94156022 135.79808704
34.94660174 135.80779726
34.92851884 135.76637849
34.92563325 135.77786072
34.92047036 135.73016806
34.90208825 135.72361704
34.94042594 135.76745097
34.93233816 135.77944400
34.96985916 135.76553291
34.93682351 135.76998379
34.95547063 135.81827118
34.92375870 135.73385949
34.91267889 135.76469799
34.95083614 135.76528246
34.95021415 135.77318979
34.91381489 135.76578956
34.9585692 135.7723741
34.96398488 135.76791310
34.93905944 135.77009225
34.94246535 135.78897957
34.9469042 135.7826709
34.91078177 135.72027893
34.93832885 135.76463728
34.94151225 135.77768334
34.9252978 135.7578535
34.88826233 135.72111844
34.9092380 135.7189845
34.90872629 135.71793462
34.962057 135.778341
34.965398 135.754962
34.927809 135.763840
34.9502565 135.7579332